
===========================================================================================================================================================
                                                                              Dependent variable:                                                          
                    ---------------------------------------------------------------------------------------------------------------------------------------
                                                                                   inc.share                                                               
                          (1)              (2)              (3)              (4)              (5)              (6)              (7)              (8)       
-----------------------------------------------------------------------------------------------------------------------------------------------------------
ch.agua                  0.184            0.040            0.182            0.016            0.320            0.114            0.321            0.109      
                        (0.188)          (0.195)          (0.205)          (0.198)          (0.222)          (0.265)          (0.227)          (0.265)     
                                                                                                                                                           
ch.elec                  -0.663          -0.590*           -0.650           -0.463          -0.941*           -0.698           -0.904           -0.619     
                        (0.565)          (0.339)          (0.702)          (0.419)          (0.533)          (0.481)          (0.622)          (0.521)     
                                                                                                                                                           
ch.dren                  -0.108           0.015            -0.110           0.002            -0.136           -0.003           -0.156           -0.035     
                        (0.118)          (0.095)          (0.130)          (0.092)          (0.134)          (0.119)          (0.136)          (0.111)     
                                                                                                                                                           
ch.hom                   0.052            0.011            0.052            0.008            0.014            0.001            0.009            -0.009     
                        (0.077)          (0.094)          (0.079)          (0.091)          (0.066)          (0.091)          (0.058)          (0.082)     
                                                                                                                                                           
ch.del                  -0.237**          -0.148          -0.237**          -0.146           -0.228           -0.137          -0.241*           -0.158     
                        (0.111)          (0.113)          (0.111)          (0.106)          (0.144)          (0.160)          (0.134)          (0.143)     
                                                                                                                                                           
alt                                     -16.278***                        -17.078***                        -14.476***                        -14.990***   
                                         (3.336)                           (3.487)                           (3.776)                           (3.778)     
                                                                                                                                                           
conco                                                      0.404            3.917                                              2.377            4.450      
                                                          (6.344)          (5.836)                                            (5.865)          (6.990)     
                                                                                                                                                           
PAN_ofi                                                                                      6.251            8.014            3.032            2.051      
                                                                                            (13.683)         (13.130)         (12.582)         (14.357)    
                                                                                                                                                           
PRI_ofi                                                                                     15.725*           11.848          13.470*           7.489      
                                                                                            (8.166)          (7.742)          (7.769)          (8.277)     
                                                                                                                                                           
PRD_ofi                                                                                                                                                    
                                                                                            (0.000)          (0.000)          (0.000)          (0.000)     
                                                                                                                                                           
Constant               58.139***        64.281***        57.768***        60.985***         49.130**        53.599***        50.498***        56.319***    
                        (7.971)          (6.347)          (11.150)         (9.523)          (18.136)         (16.205)         (16.521)         (15.228)    
                                                                                                                                                           
-----------------------------------------------------------------------------------------------------------------------------------------------------------
Observations               28               28               28               28               28               28               28               28       
R2                       0.253            0.517            0.253            0.531            0.369            0.547            0.373            0.561      
Adjusted R2              0.083            0.379            0.040            0.367            0.148            0.356            0.109            0.341      
Residual Std. Error 13.369 (df = 22) 11.006 (df = 21) 13.682 (df = 21) 11.107 (df = 20) 12.887 (df = 20) 11.204 (df = 19) 13.180 (df = 19) 11.334 (df = 18)
===========================================================================================================================================================
Note:                                                                                                                           *p<0.1; **p<0.05; ***p<0.01
